Summary:
Board:
N:73
Mean:0.9027234721288583
Median:0.9655574974908657
Worst:0.0
Best:0.9856654704400801
