Summary:
Board:
N:73
Mean:0.5094257212016556
Median:0.4844311829351031
Worst:0.007295128286310182
Best:0.9868814141391504
Test:
N:0
Schema:
N:0
