Summary:
Board:
N:73
Mean:0.4997936243024025
Median:0.5115886396420983
Worst:0.021333361393685912
Best:0.9977893492132862
Test:
N:0
Schema:
N:0
