Summary:
Board:
N:1
Mean:0.9051511287799242
Median:0.9051511287799242
Worst:0.9051511287799242
Best:0.9051511287799242
Test:
N:0
Schema:
N:0
