Summary:
Board:
N:73
Mean:0.5928651664637046
Median:0.6280586515043617
Worst:0.0036346471150340287
Best:0.9984560226043747
Test:
N:0
Schema:
N:0
