Summary:
Board:
N:73
Mean:0.4919312025330848
Median:0.47535518111108266
Worst:0.0458772574519819
Best:0.9930057158755555
Test:
N:0
Schema:
N:0
