Summary:
Board:
N:73
Mean:0.47243796397972776
Median:0.4196218831683558
Worst:0.013875274383319591
Best:0.9877133771470133
Test:
N:0
Schema:
N:0
