Summary:
Board:
N:73
Mean:0.46005230354144144
Median:0.4009713747951803
Worst:0.0028432880263594695
Best:0.981194715174572
Test:
N:0
Schema:
N:0
