Summary:
Board:
N:59
Mean:0.9156186232698951
Median:0.9755296142870542
Worst:0.37212236575884866
Best:0.9907669060369461
Text:
N:59
Mean:0.0971563466877821
Median:0.02413445858847878
Worst:0.0
Best:0.5507156657324008
